0
1
2
4
5
6
9
10
11
13
15
17
19
22
24
25
36
38
46
47
48
49
51
52
60
61
70
81
86
94
100
113
121
122
137
138
140
141
142
143
148
158
227
232
244
251
256
257
264
282
284
285
287
290
292
295
300
304
312
316
352
356
363
376
384
386
390
391
412
414
420
436
444
458
472
478
483
487
489
493
502
506
517
519
525
529
530
532
545
552
558
574
576
584
602
605
609
610
621
627
630
634
635
641
642
644
652
657
670
687
691
718
746
749
757
760
770
786
788
798
808
822
832
836
846
850
854
863
877
892
899
922
923
957
974
981
991
998
1004
1005
1007
1014
1016
1026
1032
1033
1047
1051
1088
1100
1123
1126
1168
1170
1174
1179
1185
1193
1207
1213
1217
1222
1232
1260
1263
1269
1270
1277
1301
1304
1311
1317
1324
1331
1333
1348
1357
1363
1364
1369
1370
1378
1391
1404
1432
1454
1465
1492
1495
1503
1522
1529
1575
1579
1601
1614
1618
1628
1634
1652
1662
1674
1682
1690
1702
1710
1714
1731
1758
1766
1776
1784
1795
1814
1859
1862
1863
1872
1899
1904
1906
1908
1909
1916
1930
1968
1980
1997
1998
2000
2001
2014
2030
2039
2068
2070
2075
2076
2132
2134
2135
2172
2179
2200
2290
2320
2365
2368
2382
2402
2425
2429
2434
2444
2450
2456
2459
2466
2486
2514
2538
2554
2586
2613
2649
2659
2679
2701
2706
2727
2734
2743
2760
2761
2764
2767
2769
2789
2792
2803
2811
2815
2823
2831
2835
2839
2852
2859
2863
2890
2903
2912
2916
2924
2927
2933
2948
2966
2980
3026
3030
3032
3033
3034
3082
3095
3102
3136
3168
3190
3193
3206
3218
3220
3221
3237
3251
3254
3258
3275
3277
3311
3321
3326
3327
3335
3348
3364
3374
3383
3389
3424
3447
3469
3479
3499
3512
3516
3532
3547
3558
3567
3601
3612
3626
3634
3638
3641
3644
3668
3676
3682
3683
3685
3688
3696
3720
3757
3764
3766
3772
3780
3784
3797
3798
3810
3825
3828
3832
3840
3918
3942
3950
3961
3972
3984
3986
4028
4059
4068
4084
4118
4131
4148
4153
4157
4253
4258
4263
4280
4290
4334
4342
4358
4370
4372
4388
4402
4441
4450
4460
4488
4489
4503
4506
4516
4522
4523
4529
4538
4544
4600
4614
4624
4646
4659
4663
4695
4710
4712
4715
4716
4741
4743
4762
4784
4797
4809
4822
4824
4832
4846
4848
4851
4860
4876
4918
4923
4989
5000
5002
5022
5035
5042
5045
5052
5057
5065
5068
5071
5078
5082
5084
5109
5124
5129
5155
5173
5195
5259
5268
5290
5294
5295
5308
5330
5338
5340
5342
5370
5394
5399
5414
5421
5518
5535
5538
5562
5616
5624
5737
5738
5776
5777
5784
5830
5845
5868
5963
5964
5965
5968
5979
5983
6003
6006
6007
6018
6027
6036
6043
6047
6066
6091
6094
6130
6149
6174
6202
6210
6221
6239
6260
6264
6299
6311
6314
6320
6321
6327
6333
6345
6354
6355
6367
6368
6397
6416
6417
6427
6440
6457
6480
6509
6511
6531
6546
6582
6592
6599
6610
6666
6675
6685
6694
6713
6714
6725
6730
6746
6753
6755
6756
6774
6795
6798
6808
6819
6832
6843
6848
6875
6878
6903
6918
6922
6929
6952
6962
6963
6978
7006
7016
7022
7030
7034
7049
7063
7074
7101
7142
7146
7190
7202
7219
7247
7249
7259
7264
7269
7310
7351
7379
7381
7386
7388
7406
7440
7452
7494
7537
7538
7555
7557
7596
7628
7639
7642
7660
7671
7680
7682
7686
7713
7726
7730
7740
7750
7760
7769
7782
7789
7797
7837
7840
7841
7842
7853
7884
7886
7891
7901
7907
7908
7922
7932
7934
7947
7960
7967
7977
7982
8006
8017
8023
8035
8045
8079
8087
8111
8117
8118
8158
8177
8190
8202
8213
8228
8252
8284
8300
8336
8401
8427
8438
8444
8463
8464
8467
8479
8485
8493
8503
8513
8514
8525
8529
8543
8545
8552
8619
8639
8655
8657
8681
8690
8701
8730
8762
8780
8781
8790
8805
8821
8832
8843
8851
8853
8860
8867
8869
8872
8875
8876
8878
8883
8898
8902
8904
8918
8920
8955
8966
8979
9017
9083
9092
9104
9143
9154
9158
9197
9211
9244
9251
9266
9272
9279
9304
9314
9332
9342
9346
9359
9361
9365
9392
9395
9396
9416
9428
9436
9477
9490
9516
9527
9528
9550
9551
9567
9568
9583
9652
9690
9732
9762
9784
9833
9873
9876
9892
9932
9974
9994
10003
10015
10053
10062
10096
10141
10154
10160
10190
10194
10205
10209
10215
10239
10240
10243
10247
10272
10277
10279
10285
10287
10292
10293
10299
10302
10381
10382
10390
10431
10441
10442
10450
10458
10459
10470
10475
10482
10503
10521
10572
10584
10597
10613
10664
10665
10690
10722
10736
10738
10746
10752
10831
10855
10863
10876
10884
10895
10899
10902
10903
10932
10969
10970
11015
11024
11033
11039
11045
11145
11154
11159
11160
11191
11206
11222
11288
11322
11357
11380
11401
11406
11407
11411
11416
11477
11482
11485
11502
11512
11572
11592
11611
11627
11637
11693
11700
11748
11755
11759
11810
11820
11830
11843
11856
11869
11880
11891
11907
11921
11942
11960
11992
11998
12000
12026
12097
12157
12206
12232
12266
12268
12273
12277
12284
12315
12329
12368
12371
12373
12381
12413
12426
12481
12495
12574
12630
12633
12646
12655
12660
12679
12688
12736
12744
12791
12808
12834
12836
12914
12919
12932
12937
12950
12953
12960
13021
13025
13045
13082
13131
13162
13177
13185
13197
13198
13213
13259
13274
13276
13314
13386
13399
13412
13440
13452
13475
13476
13488
13498
13519
13524
13548
13587
13588
13625
13639
13651
13680
13694
13699
13705
13735
13742
13743
13760
13781
13812
13836
13843
13878
13888
13896
13904
13951
13964
13977
13982
14033
14076
14118
14119
14127
14144
14152
14206
14220
14236
14243
14247
14271
14273
14309
14314
14334
14337
14338
14351
14389
14418
14579
14629
14631
14653
14678
14715
14728
14748
14751
14755
14762
14796
14797
14804
14815
14892
14895
14925
14930
14937
14968
15015
15032
15052
15069
15072
15106
15160
15178
15242
15247
15284
15286
15304
15312
15330
15332
15342
15378
15386
15397
15402
15412
15450
15472
15500
15528
15592
15602
15609
15644
15656
15659
15709
15713
15724
15729
15730
15741
15772
15778
15795
15812
15827
15842
15849
15862
15942
15948
15963
15969
15979
15987
16025
16026
16064
16100
16130
16137
16156
16190
16191
16196
16203
16220
16263
16270
16282
16290
16291
16307
16327
16328
16346
16469
16501
16519
16531
16549
16565
16588
16628
16641
16672
16722
16730
16747
16808
16875
16888
16895
16911
16918
16927
16951
16981
17001
17003
17055
17059
17066
17074
17082
17086
17118
17174
17194
17214
17216
17220
17244
17249
17257
17262
17271
17345
17359
17379
17384
17414
17415
17419
17423
17425
17428
17494
17540
17544
17547
17550
17592
17596
17597
17647
17659
17667
17686
17716
17736
17764
17772
17785
17795
17803
17820
17879
17890
17892
17902
17912
17930
17958
17961
17975
17982
17987
18004
18031
18056
18064
18078
18101
18126
18130
18150
18166
18175
18196
18202
18213
18224
18246
18251
18299
18337
18346
18350
18381
18404
18413
18417
18459
18489
18501
18504
18510
18564
18580
18585
18610
18682
18684
18702
18714
18728
18776
18785
19005
19016
19062
19086
19106
19146
19189
19194
19200
19212
19244
19258
19313
19317
19328
19330
19338
19344
19365
19373
19393
19395
19423
19441
19461
19494
19511
19542
19558
19566
19590
19615
19619
19643
19688
19702
19757
19763
19793
19819
19826
19828
19866
19882
19888
19889
19981
19992
20016
20026
20054
20079
20088
20107
20110
20139
20171
20172
20183
20204
20229
20236
20287
20359
20412
20430
20446
20532
20534
20550
20569
20572
20588
20601
20630
20683
20705
20711
20718
20750
20758
20771
20797
20857
20861
20869
20889
20905
20930
20933
20962
20975
20976
21044
21046
21104
21133
21134
21144
21148
21206
21240
21289
21304
21312
21320
21321
21324
21327
21375
21389
21408
21409
21426
21436
21495
21589
21598
21651
21669
21700
21784
21805
21811
21827
21840
21880
21896
21948
21957
21968
21990
21996
22038
22118
22140
22150
22174
22175
22180
22188
22205
22229
22251
22283
22315
22365
22388
22423
22497
22503
22505
22534
22567
22573
22579
22590
22609
22631
22633
22692
22732
22759
22765
22795
22801
22803
22816
22871
22884
22937
22953
22975
22978
23059
23078
23126
23157
23206
23211
23243
23272
23344
23389
23406
23431
23436
23443
23524
23526
23536
23598
23604
23617
23631
23645
23791
23805
23813
23824
23830
23847
23912
23956
23964
23965
23985
24004
24017
24025
24062
24074
24118
24145
24152
24221
24223
24238
24246
24247
24277
24301
24313
24432
24459
24462
24479
24530
24589
24613
24692
24703
24722
24781
24822
24853
24870
24927
24959
24972
25015
25034
25058
25070
25077
25092
25095
25211
25224
25246
25254
25281
25291
25308
25309
25320
25348
25359
25362
25365
25438
25478
25498
25508
25516
25527
25530
25556
25577
25652
25699
25716
25728
25733
25748
25775
25790
25797
25801
25863
25867
25874
25888
25899
25935
25943
25959
25994
26006
26012
26017
26023
26060
26061
26100
26158
26186
26267
26292
26316
26349
26354
26398
26405
26442
26519
26523
26533
26544
26622
26629
26652
26742
26752
26793
26801
26878
26885
27045
27051
27079
27121
27177
27187
27209
27248
27257
27268
27324
27327
27328
27334
27340
27356
27358
27401
27413
27414
27426
27468
27501
27514
27549
27570
27594
27601
27611
27636
27641
27661
27666
27715
27732
27733
27764
27783
27841
27847
27908
27930
27932
27956
27961
27977
28053
28058
28062
28066
28073
28116
28129
28137
28183
28188
28228
28270
28305
28321
28344
28359
28387
28420
28469
28506
28529
28533
28534
28571
28620
28633
28652
28682
28816
28845
28892
28958
28984
29012
29022
29026
29053
29055
29109
29144
29179
29200
29212
29239
29261
29279
29294
29310
29356
29416
29417
29418
29424
29431
29477
29520
29552
29570
29638
29660
29670
29688
29730
29744
29750
29759
29760
29767
29786
29829
29841
29851
29889
29896
29903
29935
29938
30016
30037
30062
30085
30086
30117
30123
30157
30159
30185
30214
30234
30250
30281
30334
30416
30418
30450
30452
30545
30551
30563
30566
30584
30641
30677
30690
30706
30720
30739
30792
30806
30841
30907
30932
30994
31014
31035
31045
31052
31064
31102
31108
31142
31162
31182
31206
31237
31261
31266
31275
31308
31327
31345
31347
31374
31404
31445
31453
31457
31463
31468
31474
31481
31507
31517
31522
31528
31542
31569
31600
31622
31650
31652
31664
31673
31677
31690
31719
31726
31778
31840
31844
31850
31879
31880
31915
31963
31965
32008
32032
32033
32035
32068
32080
32095
32110
32126
32132
32168
32188
32226
32228
32282
32309
32315
32341
32359
32387
32400
32413
32417
32421
32426
32427
32439
32440
32529
32532
32703
32760
32766
32771
32781
32802
32835
32864
32892
32918
32936
33009
33024
33031
33044
33089
33095
33110
33182
33198
33271
33286
33369
33390
33412
33423
33426
33451
33461
33469
33519
33536
33546
33552
33560
33565
33572
33602
33626
33656
33765
33832
33896
33944
33956
34002
34048
34085
34122
34131
34141
34204
34211
34231
34310
34319
34330
34340
34352
34437
34461
34488
34583
34615
34622
34624
34625
34648
34669
34677
34678
34680
34706
34739
34785
34808
34827
34858
34906
34917
34978
35007
35022
35025
35032
35040
35084
35105
35124
35242
35248
35304
35333
35353
35407
35420
35461
35470
35482
35506
35614
35622
35624
35630
35767
35776
35797
35843
35917
35938
35943
35946
35971
35997
36008
36046
36126
36226
36270
36273
36282
36316
36363
36378
36405
36408
36409
36427
36472
36488
36489
36501
36527
36543
36562
36568
36582
36599
36606
36620
36643
36686
36716
36744
36760
36762
36766
36800
36815
36828
36836
36845
36870
36892
36900
36905
36965
36971
37005
37075
37119
37120
37135
37136
37169
37178
37197
37198
37203
37210
37220
37247
37275
37317
37378
37416
37440
37460
37538
37546
37592
37648
37652
37672
37704
37775
37793
37824
37839
37863
37871
37881
37910
37963
37996
38000
38014
38022
38061
38077
38095
38148
38158
38173
38210
38224
38297
38313
38352
38403
38422
38437
38448
38468
38513
38518
38521
38555
38606
38642
38669
38709
38725
38726
38760
38765
38850
38860
38877
38894
38908
38912
38920
38922
39032
39120
39148
39186
39194
39228
39253
39261
39286
39294
39297
39341
39355
39398
39445
39451
39535
39602
39647
39662
39675
39683
39767
39793
39801
39811
39832
39841
39869
39875
39891
39913
39918
40031
40034
40075
40076
40078
40145
40177
40216
40245
40259
40261
40298
40333
40431
40480
40494
40507
40530
40551
40558
40612
40638
40640
40700
40775
40858
40906
40916
41054
41068
41088
41115
41139
41140
41153
41191
41241
41275
41310
41387
41396
41420
41424
41462
41513
41538
41549
41550
41564
41565
41570
41582
41618
41707
41772
41894
41904
41912
41959
41989
42024
42078
42107
42108
42110
42180
42201
42209
42238
42258
42293
42297
42331
42378
42383
42397
42410
42428
42442
42447
42449
42454
42472
42526
42554
42580
42616
42624
42642
42648
42662
42715
42739
42742
42807
42890
42897
42919
42960
42973
42977
42987
42989
43037
43043
43052
43097
43105
43120
43121
43182
43187
43207
43242
43268
43346
43365
43372
43440
43489
43514
43525
43742
43745
43783
43815
43824
43863
43921
43930
43961
43978
44094
44140
44155
44218
44258
44277
44327
44328
44381
44445
44447
44484
44534
44570
44598
44629
44652
44662
44703
44767
44797
44815
44827
44841
44854
44947
44980
44985
45043
45082
45083
45114
45116
45122
45337
45347
45436
45454
45520
45555
45584
45586
45604
45654
45676
45710
45755
45812
45859
45935
45954
46040
46076
46090
46161
46216
46227
46308
46314
46324
46383
46471
46504
46515
46565
46596
46604
46610
46736
46762
46776
46780
46794
46813
46829
46883
46943
46968
47004
47009
47012
47030
47040
47042
47052
47057
47128
47180
47211
47220
47227
47233
47318
47319
47326
47374
47391
47415
47457
47472
47507
47514
47614
47639
47651
47660
47717
47720
47741
47762
47781
47801
47848
47853
47886
47951
47962
48006
48028
48030
48035
48036
48057
48058
48066
48073
48098
48103
48110
48228
48251
48282
48323
48383
48420
48497
48501
48507
48522
48619
48658
48716
48729
48734
48759
48796
48799
48824
48842
48875
48890
48899
48905
48928
48975
48987
48994
49002
49004
49014
49026
49030
49050
49067
49073
49082
49088
49112
49159
49163
49164
49177
49205
49225
49264
49393
49394
49400
49434
49525
49571
49574
49593
49648
49764
49776
49818
49849
49883
49949
49956
49983
50037
50086
50093
50117
50172
50236
50285
50342
50343
50363
50393
50414
50428
50431
50456
50462
50469
50494
50505
50574
50644
50728
50800
50801
50808
50840
50848
50856
50869
50886
50910
50944
50966
51080
51088
51094
51143
51145
51180
51223
51253
51294
51322
51353
51433
51446
51459
51548
51568
51576
51656
51713
51769
51770
51780
51803
51885
51904
51911
51986
51990
52022
52060
52084
52086
52094
52222
52225
52292
52306
52340
52399
52514
52600
52624
52697
52698
52699
52814
52830
52854
52894
52953
53011
53017
53044
53075
53148
53168
53208
53216
53220
53322
53368
53390
53476
53503
53514
53548
53552
53626
53643
53645
53668
53673
53694
53728
53739
53911
53978
54067
54095
54184
54245
54251
54322
54377
54450
54458
54485
54554
54558
54694
54701
54742
54758
54777
54778
54834
54880
54906
54951
54960
54994
55196
55206
55241
55332
55340
55350
55418
55425
55503
55568
55598
55623
55625
55626
55635
55679
55685
55766
55906
55940
56007
56083
56088
56092
56095
56187
56189
56266
56268
56364
56412
56530
56545
56586
56590
56591
56600
56614
56623
56632
56720
56778
56808
56812
56835
56858
56913
56939
56970
56996
57021
57048
57084
57091
57100
57195
57217
57271
57331
57335
57407
57457
57553
57737
57794
57880
57922
57993
58188
58258
58299
58306
58349
58409
58428
58445
58467
58540
58548
58560
58567
58606
58615
58623
58643
58657
58692
58698
58761
58803
58854
58893
58927
58940
58990
59023
59058
59102
59126
59137
59242
59253
59270
59279
59283
59298
59312
59339
59344
59361
59365
59368
59369
59377
59393
59396
59401
59421
59425
59428
59429
59436
59438
59440
59564
59565
59613
59651
59679
59698
59706
59716
59719
59724
59731
59751
59752
59759
59771
59787
59792
59806
59814
59816
59830
59836
59865
59866
59882
59907
59920
59927
59930
59932
59944
59969
59977
59988
59991
59992
59994
59995
59996
59998
59999
