0
2
3
4
5
6
7
9
10
11
13
15
17
19
22
24
25
30
31
36
38
46
47
48
60
61
69
70
78
86
94
100
122
137
138
140
142
158
167
176
188
201
223
227
230
244
251
256
257
264
282
285
287
290
292
295
300
304
312
320
325
335
352
356
363
376
380
384
386
390
391
412
414
420
424
436
439
444
457
478
487
501
502
517
519
525
529
532
545
547
552
558
568
574
576
584
593
602
605
607
610
621
627
630
634
635
641
644
652
661
664
670
687
688
691
696
718
720
746
749
757
760
770
788
808
821
822
854
863
877
892
899
943
950
957
958
971
974
997
998
1001
1004
1023
1024
1032
1047
1051
1053
1066
1075
1088
1089
1100
1125
1168
1169
1174
1185
1207
1213
1219
1232
1236
1241
1251
1260
1262
1270
1276
1277
1290
1311
1324
1325
1331
1333
1335
1348
1357
1361
1363
1369
1370
1375
1378
1380
1389
1391
1404
1423
1441
1459
1492
1514
1522
1547
1628
1652
1662
1674
1702
1710
1714
1731
1736
1758
1772
1776
1784
1795
1814
1859
1862
1871
1880
1904
1906
1908
1909
1929
1930
1931
1950
1998
2000
2001
2030
2058
2067
2068
2070
2101
2114
2115
2132
2134
2135
2157
2160
2172
2179
2200
2202
2213
2242
2252
2290
2344
2349
2352
2365
2368
2383
2394
2402
2429
2434
2444
2449
2456
2459
2466
2484
2486
2516
2526
2539
2542
2550
2554
2568
2574
2578
2593
2609
2613
2649
2656
2727
2733
2734
2767
2778
2779
2781
2790
2792
2798
2803
2811
2815
2823
2827
2831
2835
2839
2859
2861
2863
2892
2916
2927
2928
2974
2978
3010
3026
3028
3030
3033
3034
3070
3080
3095
3102
3140
3168
3193
3218
3220
3251
3268
3275
3277
3300
3321
3348
3353
3367
3382
3383
3395
3447
3470
3479
3509
3532
3547
3558
3567
3572
3612
3634
3643
3644
3683
3696
3709
3712
3796
3798
3810
3820
3825
3828
3836
3918
3933
3950
3953
3961
3972
3983
3986
3992
4006
4028
4031
4039
4044
4068
4083
4084
4116
4117
4134
4148
4158
4164
4204
4210
4249
4258
4264
4290
4295
4334
4388
4402
4435
4440
4450
4460
4489
4495
4503
4522
4523
4529
4538
4540
4544
4573
4614
4624
4636
4638
4646
4657
4659
4662
4680
4692
4695
4715
4716
4729
4741
4762
4770
4801
4806
4811
4824
4827
4846
4848
4850
4876
4908
4909
5000
5002
5009
5035
5057
5062
5065
5068
5071
5082
5084
5095
5109
5110
5122
5124
5126
5129
5140
5155
5174
5180
5237
5247
5277
5290
5294
5295
5296
5316
5324
5338
5372
5394
5399
5414
5420
5474
5490
5499
5512
5521
5535
5538
5547
5548
5577
5624
5638
5654
5663
5700
5704
5722
5737
5738
5741
5754
5777
5778
5784
5868
5900
5963
5972
5979
5993
5999
6006
6010
6018
6026
6043
6091
6094
6100
6115
6129
6213
6239
6242
6260
6264
6272
6282
6311
6314
6316
6319
6320
6327
6354
6361
6368
6395
6399
6403
6416
6420
6440
6448
6470
6480
6484
6485
6531
6546
6582
6666
6675
6694
6713
6714
6755
6774
6777
6795
6808
6818
6825
6863
6869
6877
6878
6889
6903
6907
6910
6917
6918
6922
6938
6939
6943
6944
6952
6962
6969
6983
6987
6988
6999
7006
7010
7015
7016
7022
7034
7046
7058
7101
7108
7142
7146
7190
7215
7219
7230
7247
7249
7255
7259
7269
7271
7290
7305
7310
7354
7365
7380
7381
7386
7388
7400
7406
7434
7452
7458
7471
7534
7537
7608
7628
7639
7651
7660
7661
7671
7680
7704
7713
7726
7750
7769
7782
7790
7816
7837
7879
7891
7897
7917
7922
7924
7966
7967
7972
8023
8079
8086
8107
8111
8114
8116
8117
8120
8126
8141
8144
8190
8213
8252
8278
8283
8284
8294
8300
8321
8347
8366
8384
8388
8413
8429
8444
8447
8459
8467
8479
8483
8488
8491
8497
8499
8513
8514
8518
8525
8527
8529
8563
8585
8613
8622
8647
8674
8679
8687
8688
8701
8714
8729
8730
8731
8735
8751
8771
8783
8803
8809
8821
8832
8847
8851
8853
8861
8869
8872
8876
8878
8883
8904
8918
8955
8966
9038
9083
9092
9135
9143
9162
9211
9218
9256
9307
9342
9346
9357
9390
9392
9395
9396
9428
9477
9492
9504
9516
9522
9528
9550
9567
9568
9577
9583
9608
9665
9690
9745
9764
9769
9778
9794
9833
9843
9860
9876
9932
9948
9974
10014
10015
10032
10037
10048
10115
10141
10190
10194
10205
10209
10215
10239
10240
10247
10255
10257
10260
10272
10285
10293
10298
10309
10356
10382
10383
10431
10438
10459
10465
10475
10482
10512
10524
10572
10595
10597
10598
10612
10690
10722
10736
10738
10740
10746
10752
10831
10855
10867
10871
10876
10899
10912
10927
10950
10955
10970
10986
11020
11024
11032
11074
11087
11104
11111
11115
11121
11127
11154
11157
11160
11239
11298
11318
11346
11351
11403
11407
11416
11436
11461
11469
11482
11517
11527
11554
11565
11568
11586
11600
11627
11640
11645
11693
11696
11698
11700
11720
11749
11753
11755
11759
11805
11823
11830
11832
11843
11880
11921
11922
11931
11938
11942
11975
11998
11999
12015
12025
12026
12059
12079
12099
12117
12146
12153
12157
12172
12193
12194
12196
12232
12253
12268
12284
12305
12327
12329
12368
12374
12389
12394
12404
12413
12493
12574
12592
12598
12613
12646
12655
12685
12736
12791
12802
12812
12820
12821
12831
12832
12834
12857
12877
12908
12914
12919
12930
12932
12940
12950
12960
12967
12971
13027
13043
13045
13053
13094
13099
13107
13131
13159
13162
13177
13186
13305
13318
13399
13407
13430
13452
13456
13476
13498
13505
13530
13548
13587
13588
13639
13651
13658
13662
13680
13694
13699
13735
13742
13743
13757
13778
13807
13827
13843
13888
13896
13904
13982
14076
14119
14128
14210
14220
14244
14247
14250
14273
14277
14286
14314
14338
14341
14342
14387
14390
14418
14440
14484
14501
14521
14523
14528
14536
14579
14586
14598
14626
14634
14640
14647
14664
14708
14712
14715
14722
14757
14762
14765
14785
14795
14797
14802
14804
14836
14875
14892
14937
14952
14960
14961
14968
14978
15072
15088
15106
15115
15121
15136
15141
15160
15178
15204
15228
15261
15267
15304
15312
15330
15360
15402
15406
15412
15450
15500
15505
15513
15528
15538
15579
15592
15602
15609
15644
15645
15659
15674
15721
15724
15730
15741
15761
15772
15774
15783
15795
15827
15862
15941
15942
15948
15961
15963
15969
15979
16036
16100
16116
16117
16130
16133
16141
16156
16161
16181
16196
16202
16203
16220
16244
16274
16277
16282
16290
16291
16351
16354
16376
16406
16418
16449
16517
16522
16528
16604
16620
16628
16663
16679
16706
16730
16769
16810
16821
16836
16875
16888
16892
16896
16918
16920
16921
16981
17005
17039
17055
17065
17082
17107
17170
17174
17211
17216
17249
17255
17262
17279
17282
17289
17362
17381
17384
17407
17409
17420
17425
17428
17472
17481
17499
17547
17550
17570
17619
17647
17648
17656
17667
17689
17706
17709
17716
17736
17775
17795
17816
17820
17831
17864
17876
17879
17889
17935
18049
18056
18065
18066
18078
18126
18130
18151
18175
18196
18202
18213
18220
18346
18350
18378
18382
18403
18404
18413
18417
18418
18419
18436
18459
18482
18485
18501
18504
18510
18591
18627
18674
18682
18684
18686
18689
18702
18714
18740
18776
18796
18844
18903
18920
19016
19017
19065
19080
19086
19087
19106
19140
19192
19194
19200
19207
19229
19237
19251
19264
19291
19328
19330
19338
19344
19372
19412
19441
19461
19464
19480
19540
19542
19549
19566
19572
19576
19586
19590
19595
19615
19619
19630
19667
19688
19689
19692
19757
19828
19866
19882
19888
19928
19931
19971
19981
19985
20002
20026
20039
20054
20072
20088
20100
20123
20150
20167
20172
20173
20183
20186
20204
20224
20236
20287
20304
20362
20363
20424
20450
20482
20518
20569
20578
20601
20623
20630
20641
20711
20771
20797
20813
20861
20897
20921
20930
20933
20962
20975
20976
20989
21021
21043
21044
21048
21148
21150
21218
21295
21312
21327
21333
21344
21375
21408
21426
21480
21491
21509
21514
21536
21589
21636
21660
21673
21678
21719
21728
21786
21787
21811
21822
21827
21855
21896
21944
21948
21990
22090
22101
22118
22140
22166
22180
22229
22240
22251
22269
22278
22283
22294
22315
22364
22365
22389
22423
22438
22442
22458
22459
22484
22499
22503
22505
22528
22561
22567
22573
22583
22611
22615
22633
22639
22648
22649
22679
22692
22704
22723
22729
22732
22765
22766
22767
22779
22801
22832
22841
22868
22884
22907
22953
23026
23029
23042
23059
23100
23101
23140
23211
23215
23243
23272
23288
23311
23344
23347
23381
23402
23406
23443
23513
23524
23526
23536
23610
23617
23627
23688
23698
23734
23750
23788
23802
23807
23809
23824
23832
23849
23868
23886
23916
23917
23946
23959
23985
23997
24035
24051
24060
24062
24077
24145
24152
24199
24236
24238
24277
24285
24370
24388
24417
24424
24432
24435
24452
24457
24459
24479
24494
24497
24534
24562
24609
24613
24632
24688
24719
24731
24733
24760
24781
24819
24870
24909
24927
24955
24979
24981
25058
25092
25113
25176
25211
25220
25224
25281
25306
25308
25309
25335
25348
25362
25409
25420
25478
25482
25498
25556
25568
25587
25608
25631
25632
25647
25661
25690
25693
25722
25728
25731
25748
25765
25766
25801
25824
25867
25875
25888
25893
25899
25907
25909
25921
25943
25994
26006
26012
26023
26079
26136
26138
26158
26229
26292
26315
26316
26356
26522
26542
26622
26680
26709
26735
26764
26807
26811
26826
26865
26878
26889
26927
26947
26965
27000
27029
27045
27062
27079
27107
27140
27156
27197
27248
27282
27356
27379
27397
27421
27458
27468
27490
27493
27514
27516
27577
27594
27601
27611
27641
27643
27706
27715
27764
27846
27847
27892
27908
27964
27966
28004
28016
28030
28047
28066
28073
28135
28162
28178
28192
28257
28267
28305
28321
28352
28356
28387
28413
28420
28437
28451
28453
28460
28463
28485
28492
28608
28631
28633
28642
28650
28652
28662
28706
28749
28803
28856
28899
28920
28979
29002
29012
29026
29179
29180
29212
29229
29264
29268
29280
29303
29311
29335
29343
29356
29360
29363
29365
29381
29391
29416
29417
29418
29432
29548
29552
29570
29632
29638
29670
29730
29737
29760
29765
29767
29786
29823
29829
29841
29881
29890
29906
29993
30022
30041
30062
30086
30093
30117
30123
30139
30144
30159
30185
30214
30290
30334
30350
30446
30450
30452
30499
30501
30509
30541
30563
30574
30584
30604
30614
30642
30659
30677
30718
30792
30806
30844
30870
30874
30897
30994
31000
31014
31039
31063
31064
31089
31100
31149
31162
31182
31216
31242
31261
31274
31283
31327
31344
31345
31507
31519
31542
31557
31649
31650
31652
31664
31673
31677
31733
31735
31736
31743
31767
31778
31794
31820
31824
31840
31850
31879
31893
31917
31934
31962
31972
32002
32008
32072
32099
32110
32126
32150
32163
32216
32226
32256
32273
32315
32329
32341
32345
32351
32352
32359
32369
32413
32417
32421
32451
32481
32494
32529
32573
32596
32642
32670
32724
32766
32805
32880
33019
33020
33024
33037
33044
33079
33088
33102
33182
33198
33212
33221
33286
33288
33289
33362
33378
33385
33390
33406
33422
33426
33469
33475
33476
33519
33552
33602
33612
33626
33664
33680
33820
33900
33946
34031
34042
34048
34066
34095
34122
34189
34211
34213
34231
34284
34330
34352
34396
34402
34484
34491
34552
34597
34606
34615
34648
34662
34677
34696
34803
34808
34815
34827
34830
34858
34860
34878
34899
34906
34928
34968
34997
35017
35040
35068
35084
35125
35137
35149
35157
35300
35325
35332
35353
35405
35470
35504
35539
35555
35577
35617
35622
35624
35675
35726
35733
35747
35812
35834
35870
35878
35883
35924
35946
35973
35997
36028
36035
36046
36049
36055
36078
36079
36086
36089
36126
36166
36172
36201
36223
36224
36226
36232
36268
36270
36282
36293
36323
36346
36363
36398
36409
36427
36488
36489
36497
36527
36559
36560
36563
36567
36606
36619
36620
36643
36714
36744
36762
36828
36835
36878
36892
36905
36907
36916
36944
36954
36971
37005
37039
37048
37064
37135
37137
37145
37150
37178
37197
37201
37220
37247
37248
37275
37281
37287
37291
37292
37315
37416
37423
37441
37460
37479
37483
37538
37575
37596
37601
37720
37739
37761
37763
37764
37769
37793
37839
37842
37879
37881
37952
37988
38000
38018
38077
38136
38142
38171
38188
38219
38297
38313
38324
38346
38399
38408
38448
38457
38468
38512
38518
38521
38606
38726
38760
38761
38778
38818
38823
38848
38850
38877
38894
38917
38922
38942
38957
38980
38989
38993
38999
39144
39194
39228
39281
39289
39297
39301
39398
39420
39423
39429
39474
39485
39523
39526
39535
39538
39602
39640
39641
39643
39647
39667
39687
39691
39713
39778
39780
39785
39786
39793
39799
39801
39832
39875
39894
39904
40015
40078
40131
40169
40173
40174
40216
40226
40259
40261
40282
40323
40345
40376
40409
40410
40470
40480
40494
40503
40584
40664
40746
40775
40804
40810
40852
40866
40906
40921
40976
41044
41068
41072
41084
41145
41187
41283
41289
41329
41336
41426
41429
41464
41483
41509
41513
41527
41544
41549
41550
41564
41573
41582
41602
41618
41624
41707
41714
41747
41768
41795
41881
41894
41917
41955
41998
41999
42024
42031
42041
42042
42049
42101
42103
42107
42129
42135
42140
42199
42261
42297
42331
42359
42360
42368
42383
42416
42442
42447
42449
42453
42508
42522
42554
42580
42648
42651
42662
42702
42719
42734
42774
42781
42816
42828
42866
42948
42956
42959
42985
43062
43072
43083
43102
43107
43120
43121
43147
43148
43207
43238
43300
43318
43346
43432
43440
43660
43672
43745
43751
43811
43823
43824
43874
43921
43930
43938
43944
43953
43961
43987
44026
44093
44186
44194
44201
44247
44268
44332
44346
44353
44356
44381
44391
44436
44445
44447
44598
44599
44610
44613
44629
44652
44749
44772
44823
44884
44886
44910
44944
44947
44970
45062
45069
45082
45122
45149
45168
45238
45266
45341
45399
45423
45427
45441
45446
45454
45502
45520
45521
45555
45615
45631
45676
45720
45749
45755
45772
45800
45803
45806
45812
45837
45845
45846
45865
45876
45954
45982
45991
45993
46021
46033
46067
46070
46076
46086
46161
46201
46217
46231
46242
46246
46260
46281
46300
46314
46316
46346
46383
46402
46423
46450
46511
46550
46589
46609
46610
46627
46675
46731
46735
46780
46794
46806
46813
46859
46899
46908
46959
47122
47233
47264
47274
47292
47319
47326
47335
47384
47456
47472
47486
47559
47582
47609
47642
47659
47660
47685
47719
47737
47746
47762
47787
47848
47965
47968
48006
48053
48073
48102
48105
48110
48112
48115
48130
48140
48144
48154
48242
48316
48323
48367
48383
48431
48443
48460
48475
48490
48507
48527
48547
48584
48596
48619
48639
48777
48799
48800
48842
48855
48875
48890
48905
48976
49006
49026
49094
49119
49163
49170
49177
49184
49215
49250
49261
49264
49394
49400
49485
49491
49519
49526
49548
49593
49600
49656
49764
49787
49844
49898
49944
49945
49956
49962
50077
50099
50172
50180
50210
50236
50342
50346
50349
50364
50393
50403
50408
50410
50414
50428
50462
50500
50505
50542
50564
50596
50614
50642
50644
50771
50808
50822
50840
50871
50944
50957
51000
51008
51083
51194
51286
51304
51315
51322
51394
51442
51452
51470
51630
51637
51683
51722
51769
51861
51878
51886
51904
51911
51945
51986
52022
52086
52123
52143
52144
52167
52210
52222
52225
52389
52396
52399
52502
52510
52516
52582
52624
52661
52691
52698
52738
52769
52795
52808
52854
52866
52883
52923
52933
52950
52996
53015
53025
53066
53114
53168
53181
53198
53208
53220
53228
53312
53322
53390
53396
53473
53503
53548
53564
53599
53640
53673
53688
53694
53696
53708
53728
53731
53736
53820
53854
53856
53872
53878
53911
53946
53977
54065
54067
54081
54085
54156
54162
54203
54278
54316
54322
54349
54377
54381
54425
54452
54465
54477
54485
54509
54554
54569
54586
54590
54624
54634
54666
54694
54743
54759
54778
54810
54834
54836
54839
54858
54865
54891
54914
54951
55020
55072
55131
55206
55294
55340
55406
55429
55473
55544
55589
55605
55635
55850
55896
55906
55958
56006
56023
56065
56092
56127
56207
56222
56235
56237
56240
56253
56335
56344
56473
56474
56487
56530
56586
56590
56600
56625
56808
56858
56949
56976
56992
56996
57084
57195
57211
57216
57364
57405
57457
57540
57564
57742
57794
57852
57907
57953
58053
58299
58307
58370
58387
58415
58445
58529
58544
58560
58615
58643
58647
58694
58761
58802
58977
59095
59131
59213
59254
59283
59297
59301
59312
59341
59380
59428
59438
59460
59552
59651
59657
59701
59719
59751
59752
59766
59814
59829
59836
59907
59942
60003
60013
60111
60129
60145
60166
60187
60214
60218
60223
60291
60300
60403
60423
60435
60457
60542
60550
60564
60580
60613
60622
60641
60645
60647
60672
60677
60682
60684
60727
60777
60799
60807
60866
60931
60960
61002
61015
61020
61024
61036
61042
61114
61115
61140
61154
61210
61250
61266
61268
61287
61325
61379
61400
61507
61542
61568
61580
61632
61665
61674
61691
61702
61714
61738
61751
61757
61764
61770
61865
62016
62044
62046
62063
62071
62143
62358
62583
62607
62635
62685
62690
62695
62754
62814
62819
62896
62923
62938
62963
63077
63092
63136
63139
63156
63183
63207
63224
63234
63241
63274
63322
63323
63338
63358
63410
63422
63451
63462
63464
63467
63486
63495
