0
1
2
4
5
9
10
11
17
19
24
25
30
36
38
46
48
49
53
60
61
62
70
72
74
75
82
93
94
96
100
105
109
131
132
137
138
143
145
150
158
167
168
175
178
183
191
201
205
212
222
225
227
228
232
234
235
240
256
264
266
267
272
274
282
284
286
292
295
304
306
312
324
334
342
348
352
362
374
384
400
404
414
419
442
444
451
457
458
483
486
487
488
492
493
494
502
503
506
511
524
526
528
553
570
576
578
584
585
588
590
592
600
609
610
611
615
622
624
626
628
635
640
644
645
655
657
659
666
668
670
671
688
690
703
714
734
748
754
757
758
760
773
778
786
788
795
801
805
812
820
846
850
854
856
858
861
862
870
879
891
892
903
906
911
913
922
935
943
946
959
966
982
991
1012
1015
1016
1019
1021
1022
1033
1047
1055
1057
1068
1070
1071
1088
1089
1102
1104
1108
1129
1134
1137
1141
1149
1157
1160
1168
1170
1178
1179
1185
1199
1206
1213
1231
1235
1244
1245
1259
1260
1263
1267
1269
1270
1271
1277
1279
1283
1284
1294
1317
1333
1347
1348
1360
1375
1378
1385
1388
1389
1393
1399
1400
1401
1410
1411
1425
1429
1433
1454
1479
1492
1497
1500
1506
1540
1545
1568
1595
1598
1603
1610
1615
1634
1636
1662
1687
1690
1702
1731
1742
1744
1747
1758
1764
1772
1776
1780
1782
1784
1788
1795
1813
1828
1831
1865
1880
1887
1902
1908
1912
1924
1928
1940
1950
1953
1967
1974
1975
1978
1992
1993
1997
1998
2000
2002
2010
2018
2026
2034
2042
2064
2066
2068
2070
2075
2077
2090
2098
2101
2146
2168
2172
2184
2193
2200
2231
2248
2254
2258
2304
2338
2350
2381
2383
2385
2404
2410
2418
2427
2436
2438
2442
2456
2466
2482
2484
2486
2507
2551
2553
2559
2563
2566
2568
2595
2611
2622
2637
2649
2658
2661
2680
2682
2687
2699
2704
2706
2715
2717
2718
2734
2740
2756
2759
2764
2774
2775
2779
2781
2783
2787
2792
2801
2805
2810
2817
2824
2831
2847
2858
2859
2862
2871
2889
2904
2915
2916
2921
2927
2928
2933
2934
2958
2960
2961
2966
2972
2982
3002
3026
3028
3030
3032
3056
3072
3093
3102
3114
3173
3178
3179
3193
3219
3225
3233
3251
3252
3277
3284
3290
3299
3310
3313
3327
3338
3350
3352
3353
3358
3366
3367
3374
3383
3402
3407
3410
3411
3425
3430
3447
3453
3462
3470
3474
3491
3494
3497
3502
3504
3507
3522
3526
3554
3567
3595
3607
3610
3612
3618
3634
3643
3644
3649
3676
3682
3688
3689
3691
3709
3711
3712
3718
3724
3730
3742
3750
3759
3784
3791
3798
3809
3811
3826
3832
3836
3838
3848
3855
3859
3864
3875
3879
3890
3891
3897
3914
3919
3931
3935
3944
3958
3961
3970
3972
3975
3976
3982
3989
3998
4014
4030
4041
4051
4059
4068
4073
4084
4122
4133
4142
4148
4149
4151
4158
4165
4167
4201
4209
4213
4231
4233
4239
4272
4282
4295
4317
4322
4334
4339
4342
4352
4358
4362
4371
4382
4388
4408
4446
4451
4456
4459
4468
4474
4475
4481
4501
4506
4510
4511
4523
4537
4542
4544
4576
4594
4596
4598
4601
4603
4614
4620
4627
4643
4659
4663
4665
4687
4694
4716
4733
4740
4741
4745
4761
4776
4802
4809
4810
4824
4836
4860
4878
4908
4911
4934
4999
5002
5013
5036
5039
5045
5050
5057
5060
5062
5078
5099
5104
5110
5112
5138
5145
5151
5155
5157
5160
5163
5180
5188
5208
5212
5233
5249
5263
5274
5290
5298
5308
5309
5313
5315
5331
5370
5372
5384
5389
5394
5404
5407
5409
5422
5435
5441
5443
5447
5474
5476
5477
5495
5508
5515
5528
5534
5536
5538
5553
5554
5577
5589
5590
5594
5602
5617
5624
5662
5666
5673
5678
5684
5690
5706
5715
5719
5720
5721
5722
5736
5737
5738
5748
5752
5757
5761
5774
5780
5803
5813
5815
5825
5828
5844
5873
5874
5892
5908
5912
5916
5921
5924
5925
5940
5943
5947
5967
5970
5995
6003
6006
6010
6013
6028
6029
6036
6043
6049
6068
6072
6083
6091
6092
6094
6107
6148
6150
6160
6161
6172
6173
6185
6205
6231
6237
6241
6242
6271
6272
6282
6289
6295
6298
6317
6320
6331
6333
6340
6348
6363
6379
6388
6389
6397
6414
6425
6428
6440
6462
6463
6467
6493
6498
6502
6546
6561
6562
6567
6582
6610
6636
6675
6695
6706
6714
6731
6735
6739
6740
6746
6752
6756
6764
6772
6778
6791
6802
6811
6815
6817
6825
6831
6839
6859
6868
6903
6913
6918
6931
6942
6943
6959
6960
6963
6968
6972
6976
6983
6984
6987
6996
6999
7005
7006
7023
7028
7032
7034
7093
7115
7130
7146
7157
7171
7182
7187
7208
7211
7219
7233
7250
7259
7264
7287
7289
7316
7319
7332
7365
7376
7383
7406
7420
7430
7434
7438
7458
7466
7467
7470
7494
7514
7530
7531
7541
7544
7566
7567
7570
7584
7585
7586
7597
7600
7604
7606
7614
7621
7636
7640
7659
7666
7667
7678
7704
7719
7731
7736
7737
7741
7745
7750
7756
7769
7771
7799
7802
7803
7811
7814
7822
7824
7831
7836
7851
7852
7857
7860
7872
7877
7880
7881
7891
7908
7915
7917
7922
7929
7943
7951
7974
7976
7982
7983
8027
8038
8052
8055
8090
8104
8116
8124
8139
8148
8152
8158
8178
8179
8181
8212
8230
8242
8244
8256
8270
8279
8283
8299
8300
8310
8314
8329
8366
8390
8408
8447
8451
8460
8464
8473
8475
8477
8478
8487
8491
8496
8507
8513
8514
8520
8527
8534
8548
8551
8552
8558
8560
8575
8604
8615
8639
8643
8645
8649
8669
8674
8675
8689
8707
8721
8731
8732
8734
8736
8752
8755
8790
8828
8835
8853
8865
8872
8876
8887
8889
8890
8892
8893
8902
8904
8907
8919
8924
8934
8966
8983
9002
9012
9030
9043
9076
9092
9098
9118
9184
9188
9202
9219
9222
9234
9252
9302
9340
9342
9364
9365
9370
9372
9376
9383
9384
9390
9404
9420
9436
9442
9455
9469
9472
9473
9490
9501
9514
9522
9523
9531
9534
9546
9552
9554
9567
9568
9580
9588
9594
9607
9627
9640
9641
9684
9687
9694
9698
9708
9716
9720
9732
9740
9749
9762
9770
9806
9812
9848
9860
9861
9873
9876
9927
9932
9952
10010
10023
10042
10056
10057
10070
10086
10089
10107
10114
10115
10132
10155
10160
10193
10212
10215
10217
10218
10222
10231
10243
10249
10253
10255
10263
10285
10288
10291
10297
10301
10314
10332
10338
10351
10389
10398
10410
10412
10415
10421
10426
10428
10437
10453
10459
10465
10475
10478
10486
10512
10513
10549
10566
10573
10574
10583
10598
10619
10644
10651
10678
10690
10695
10702
10710
10716
10718
10722
10730
10758
10759
10760
10771
10774
10790
10811
10831
10848
10853
10864
10874
10883
10886
10909
10912
10934
10943
10957
10966
10969
10973
10982
10986
11002
11007
11009
11022
11055
11064
11070
11074
11087
11094
11095
11110
11114
11125
11130
11160
11162
11163
11170
11185
11187
11198
11199
11224
11229
11238
11258
11288
11292
11295
11302
11333
11337
11342
11344
11349
11354
11378
11380
11398
11399
11420
11431
11435
11437
11441
11476
11485
11502
11503
11507
11517
11534
11545
11554
11565
11583
11629
11645
11647
11655
11661
11696
11706
11712
11753
11787
11789
11796
11808
11812
11823
11827
11887
11900
11910
11911
11926
11941
11947
11960
11967
11969
11979
12000
12003
12012
12014
12017
12018
12020
12033
12035
12078
12081
12089
12099
12113
12132
12161
12166
12190
12196
12222
12232
12236
12240
12242
12263
12274
12276
12297
12308
12324
12335
12339
12341
12345
12375
12400
12405
12427
12439
12458
12484
12487
12488
12494
12501
12507
12508
12509
12531
12540
12545
12548
12566
12567
12572
12586
12588
12594
12597
12600
12655
12658
12676
12688
12727
12744
12769
12793
12812
12828
12846
12874
12877
12884
12899
12920
12924
12932
12935
12937
12946
12950
12986
12987
12992
12993
12997
13016
13019
13036
13040
13049
13050
13078
13081
13082
13087
13101
13122
13129
13171
13178
13181
13186
13191
13194
13196
13223
13229
13237
13238
13278
13293
13303
13311
13320
13340
13354
13363
13371
13378
13388
13403
13405
13409
13452
13485
13494
13505
13506
13508
13519
13530
13534
13558
13592
13618
13658
13665
13673
13681
13690
13704
13714
13716
13730
13742
13781
13797
13800
13817
13842
13866
13880
13888
13896
13904
13924
13928
13938
13940
14002
14014
14021
14033
14034
14080
14082
14100
14127
14144
14145
14160
14186
14202
14210
14220
14223
14239
14255
14279
14289
14305
14313
14317
14338
14342
14362
14369
14383
14396
14405
14409
14411
14426
14440
14467
14519
14521
14524
14525
14539
14540
14543
14551
14552
14554
14597
14603
14606
14607
14625
14642
14648
14691
14692
14723
14726
14737
14748
14755
14764
14765
14782
14784
14838
14855
14863
14872
14881
14904
14923
14968
14984
15019
15049
15053
15098
15112
15116
15132
15133
15161
15165
15178
15208
15236
15247
15286
15289
15296
15302
15304
15328
15330
15338
15342
15346
15354
15366
15372
15373
15384
15387
15393
15398
15399
15406
15436
15443
15464
15480
15496
15518
15528
15584
15595
15602
15630
15645
15652
15676
15699
15742
15749
15751
15757
15759
15779
15781
15798
15818
15832
15853
15889
15899
15938
15954
15969
16004
16011
16022
16035
16047
16049
16053
16069
16082
16084
16090
16100
16111
16137
16140
16145
16146
16147
16170
16188
16189
16192
16193
16196
16219
16220
16223
16238
16270
16301
16316
16327
16328
16344
16351
16411
16421
16437
16456
16552
16560
16572
16600
16603
16632
16649
16663
16730
16741
16757
16764
16766
16769
16809
16824
16856
16917
16940
16945
16958
16961
16986
17005
17019
17024
17025
17040
17059
17075
17107
17117
17148
17173
17178
17186
17204
17214
17217
17226
17243
17262
17263
17271
17280
17283
17290
17325
17339
17354
17363
17384
17387
17389
17392
17403
17405
17406
17414
17432
17440
17441
17451
17486
17488
17494
17502
17506
17509
17517
17529
17539
17540
17553
17561
17590
17634
17647
17654
17658
17671
17705
17716
17722
17733
17737
17764
17791
17799
17803
17808
17810
17811
17820
17824
17849
17861
17864
17868
17871
17876
17888
17892
17894
17908
17924
17935
17943
17955
17957
17958
17965
17998
18004
18012
18051
18065
18112
18124
18125
18129
18156
18190
18195
18196
18202
18226
18236
18247
18254
18263
18267
18271
18287
18291
18322
18340
18344
18352
18358
18376
18378
18403
18408
18413
18414
18419
18426
18434
18435
18436
18443
18447
18456
18467
18490
18504
18506
18515
18584
18627
18631
18656
18668
18700
18723
18728
18740
18752
18779
18809
18832
18834
18851
18860
18903
18946
19001
19016
19037
19039
19084
19086
19103
19106
19116
19137
19146
19185
19188
19190
19200
19212
19219
19223
19224
19249
19255
19301
19302
19327
19348
19352
19392
19409
19412
19430
19449
19489
19511
19518
19524
19527
19545
19563
19569
19576
19590
19603
19604
19606
19612
19629
19632
19638
19643
19662
19685
19688
19716
19757
19778
19793
19844
19858
19860
19866
19874
19888
19909
19920
19921
19954
19958
19979
19980
19983
19988
20002
20016
20062
20072
20109
20123
20146
20172
20183
20192
20241
20246
20286
20295
20306
20311
20332
20336
20354
20362
20374
20408
20412
20421
20436
20440
20476
20512
20520
20531
20532
20560
20565
20575
20600
20612
20614
20623
20641
20643
20660
20681
20688
20702
20709
20725
20763
20767
20771
20774
20781
20789
20798
20816
20821
20835
20850
20863
20869
20879
20881
20889
20903
20922
20959
20966
20971
20976
20990
20991
20999
21006
21034
21040
21050
21088
21100
21112
21135
21136
21158
21206
21212
21227
21232
21246
21256
21274
21286
21287
21304
21322
21358
21369
21383
21387
21423
21442
21466
21523
21556
21576
21586
21594
21642
21646
21693
21694
21726
21761
21768
21773
21791
21805
21806
21842
21843
21850
21861
21868
21869
21880
21881
21896
21928
21944
21968
21990
21996
22022
22049
22062
22079
22092
22095
22096
22099
22101
22103
22123
22124
22135
22155
22163
22180
22182
22187
22195
22199
22217
22236
22253
22268
22271
22308
22326
22363
22365
22408
22410
22417
22433
22458
22463
22471
22473
22481
22495
22501
22513
22544
22559
22561
22576
22578
22604
22607
22611
22613
22634
22666
22671
22675
22687
22699
22704
22705
22753
22765
22772
22783
22785
22807
22825
22852
22866
22871
22887
22903
22909
22949
22982
23016
23020
23038
23042
23045
23052
23054
23064
23074
23082
23100
23112
23125
23147
23152
23185
23203
23205
23208
23215
23234
23241
23262
23292
23300
23310
23337
23338
23346
23436
23437
23439
23443
23478
23482
23486
23491
23502
23538
23539
23570
23582
23598
23635
23642
23713
23718
23730
23794
23796
23808
23828
23864
23877
23925
23930
23945
23946
23956
23971
23977
23980
23997
24014
24025
24029
24036
24041
24052
24060
24062
24075
24078
24099
24101
24105
24134
24144
24171
24207
24223
24253
24317
24358
24373
24381
24400
24404
24424
24426
24455
24530
24553
24570
24584
24589
24614
24624
24645
24646
24649
24660
24671
24683
24691
24692
24737
24738
24740
24776
24796
24803
24828
24829
24850
24859
24862
24874
24892
24927
24950
24955
24960
24980
25034
25036
25058
25092
25102
25125
25144
25208
25224
25232
25236
25240
25254
25256
25266
25276
25281
25287
25307
25310
25317
25346
25359
25365
25412
25464
25483
25527
25553
25583
25590
25596
25603
25632
25662
25688
25690
25715
25716
25722
25733
25738
25747
25750
25752
25768
25773
25778
25783
25801
25813
25818
25828
25856
25867
25874
25957
25965
25996
26011
26023
26034
26049
26062
26069
26080
26081
26112
26170
26209
26214
26220
26239
26267
26295
26296
26305
26309
26338
26347
26363
26382
26384
26389
26397
26443
26466
26482
26489
26504
26516
26534
26546
26566
26575
26583
26585
26592
26600
26622
26629
26640
26677
26686
26708
26719
26735
26737
26743
26771
26793
26803
26826
26875
26882
26972
27026
27029
27032
27044
27060
27072
27094
27118
27126
27158
27162
27197
27199
27200
27215
27225
27254
27299
27323
27355
27368
27401
27468
27514
27516
27526
27554
27598
27604
27610
27697
27748
27750
27760
27761
27763
27777
27780
27784
27786
27819
27822
27838
27840
27845
27847
27873
27889
27901
27908
27910
27945
27955
27983
27984
27996
28021
28023
28049
28052
28054
28097
28116
28135
28136
28137
28146
28148
28152
28183
28199
28207
28276
28279
28284
28301
28302
28310
28316
28330
28352
28357
28376
28390
28392
28420
28424
28505
28512
28520
28525
28533
28536
28571
28589
28590
28611
28613
28663
28668
28692
28699
28703
28728
28768
28771
28785
28818
28823
28839
28840
28881
28886
28898
28899
28955
28979
28980
29001
29003
29026
29034
29053
29074
29092
29094
29132
29164
29165
29179
29180
29195
29242
29256
29279
29303
29307
29308
29311
29348
29352
29358
29360
29365
29376
29390
29420
29434
29510
29547
29555
29563
29564
29570
29610
29618
29621
29642
29652
29665
29677
29680
29704
29721
29725
29745
29765
29770
29777
29782
29790
29792
29793
29801
29806
29815
29868
29886
29905
29906
29921
29948
29952
29993
30026
30037
30066
30075
30077
30082
30085
30091
30103
30170
30183
30228
30248
30330
30334
30346
30359
30404
30429
30438
30447
30457
30461
30469
30481
30482
30498
30598
30610
30640
30660
30672
30690
30702
30703
30720
30729
30740
30751
30758
30798
30800
30806
30829
30856
30870
30872
30890
30917
30922
30929
30934
30962
30968
30975
30997
31005
31008
31023
31026
31034
31041
31044
31064
31090
31152
31182
31185
31200
31203
31226
31253
31260
31283
31284
31287
31293
31305
31313
31314
31325
31341
31345
31359
31366
31385
31391
31392
31397
31405
31417
31421
31452
31507
31547
31552
31562
31590
31609
31652
31659
31668
31682
31753
31786
31794
31823
31842
31844
31895
31939
31941
31952
31963
31965
31977
31987
31990
31994
32001
32010
32024
32032
32044
32054
32057
32065
32071
32072
32076
32097
32118
32152
32157
32166
32185
32198
32206
32208
32247
32258
32281
32297
32306
32322
32341
32342
32349
32351
32352
32360
32385
32387
32390
32395
32401
32407
32410
32413
32430
32451
32473
32487
32488
32518
32547
32568
32596
32618
32622
32669
32742
32805
32864
32875
32892
32900
32917
32951
33005
33028
33034
33038
33074
33089
33099
33101
33110
33121
33128
33133
33136
33138
33152
33153
33213
33215
33222
33251
33255
33278
33282
33304
33308
33325
33329
33364
33380
33387
33392
33425
33438
33475
33539
33562
33569
33576
33581
33583
33612
33647
33664
33678
33697
33698
33700
33737
33741
33752
33765
33777
33778
33811
33880
33883
33890
33905
33914
33927
33928
33941
33974
33982
33997
34013
34029
34062
34066
34076
34083
34115
34137
34198
34226
34229
34234
34290
34297
34360
34385
34394
34402
34414
34432
34445
34457
34484
34500
34523
34528
34554
34594
34605
34620
34622
34676
34680
34692
34700
34713
34720
34721
34759
34775
34785
34808
34820
34881
34899
34929
34943
34988
35034
35086
35088
35096
35102
35114
35132
35147
35148
35157
35174
35180
35186
35199
35205
35224
35232
35242
35248
35256
35261
35264
35365
35376
35504
35505
35506
35541
35557
35572
35606
35615
35644
35690
35710
35730
35733
35746
35754
35757
35778
35841
35845
35870
35913
35941
35944
35953
35954
35970
35981
35987
35989
36007
36024
36055
36067
36104
36108
36128
36141
36145
36161
36166
36172
36196
36200
36224
36303
36329
36369
36373
36429
36434
36460
36465
36491
36492
36494
36508
36541
36559
36562
36602
36605
36636
36652
36679
36686
36757
36762
36815
36834
36845
36853
36878
36886
36889
36900
36901
36905
36926
36952
36962
37018
37031
37055
37057
37063
37069
37077
37078
37085
37088
37094
37095
37124
37135
37145
37156
37167
37169
37178
37180
37281
37313
37329
37336
37374
37390
37413
37428
37459
37471
37514
37527
37538
37559
37578
37588
37597
37626
37648
37652
37655
37668
37677
37689
37722
37737
37751
37757
37764
37774
37781
37793
37805
37822
37832
37839
37842
37853
37871
37872
37874
37875
37889
37901
37915
37936
37960
37969
38038
38050
38052
38086
38117
38139
38143
38164
38210
38211
38231
38244
38256
38292
38302
38304
38319
38347
38407
38415
38417
38513
38552
38562
38592
38601
38611
38613
38625
38628
38640
38663
38693
38712
38720
38774
38803
38832
38845
38884
38888
38956
38980
38986
38998
39000
39013
39076
39085
39088
39100
39114
39149
39156
39220
39244
39256
39257
39264
39271
39289
39301
39313
39347
39354
39357
39360
39377
39404
39410
39419
39420
39421
39441
39464
39485
39518
39520
39545
39553
39561
39578
39596
39598
39611
39617
39629
39641
39653
39659
39678
39686
39703
39708
39713
39731
39734
39801
39826
39831
39841
39875
39876
39910
39911
39913
39982
40031
40034
40043
40046
40047
40054
40078
40103
40127
40158
40171
40174
40208
40216
40221
40259
40290
40292
40309
40326
40330
40345
40363
40407
40410
40437
40448
40453
40473
40477
40508
40528
40553
40598
40626
40640
40646
40675
40687
40698
40720
40752
40804
40812
40832
40900
40928
40948
41012
41025
41094
41108
41113
41116
41141
41142
41147
41180
41183
41185
41218
41243
41299
41309
41312
41379
41444
41450
41461
41464
41471
41475
41495
41505
41507
41551
41562
41565
41578
41579
41602
41613
41651
41662
41709
41744
41770
41787
41788
41794
41817
41820
41839
41850
41910
41935
41949
41971
41979
41983
41984
41999
42059
42095
42115
42125
42129
42145
42167
42183
42226
42229
42249
42253
42254
42258
42298
42337
42338
42364
42378
42387
42392
42426
42457
42509
42522
42526
42548
42552
42574
42585
42643
42650
42702
42707
42738
42751
42782
42789
42799
42801
42817
42838
42850
42906
42943
42979
42980
42986
42989
43008
43015
43034
43055
43093
43098
43113
43140
43144
43194
43234
43250
43256
43282
43344
43345
43346
43358
43371
43388
43439
43538
43544
43560
43574
43588
43609
43676
43745
43783
43788
43793
43796
43811
43944
43952
43955
43985
43986
44008
44024
44027
44046
44052
44053
44127
44130
44159
44166
44181
44193
44196
44203
44214
44223
44227
44244
44328
44376
44403
44427
44436
44455
44460
44466
44478
44484
44534
44558
44573
44579
44595
44607
44694
44706
44724
44767
44799
44804
44837
44852
44853
44860
44882
44915
44928
44942
44948
44958
44960
44980
44981
44998
45001
45005
45011
45018
45048
45079
45089
45116
45117
45122
45174
45206
45246
45249
45266
45311
45408
45443
45472
45498
45528
45553
45558
45619
45621
45625
45631
45646
45692
45695
45736
45746
45749
45773
45815
45817
45834
45840
45864
45874
45882
45884
45933
45992
46032
46036
46052
46068
46076
46099
46139
46146
46182
46183
46215
46226
46240
46241
46284
46293
46300
46311
46315
46324
46336
46350
46356
46404
46406
46425
46464
46476
46486
46550
46557
46626
46660
46666
46707
46709
46715
46725
46726
46728
46740
46753
46767
46770
46794
46818
46835
46848
46890
46895
46908
46964
46968
46970
46991
47008
47012
47021
47080
47081
47107
47146
47150
47151
47218
47253
47261
47263
47273
47275
47280
47316
47326
47341
47376
47397
47408
47424
47473
47475
47508
47538
47565
47567
47587
47635
47661
47675
47682
47706
47711
47752
47781
47825
47844
47847
47865
47876
47897
47909
47918
47919
47924
47996
48006
48008
48019
48023
48058
48065
48092
48151
48154
48222
48249
48258
48289
48309
48311
48314
48360
48362
48415
48434
48435
48490
48494
48532
48564
48577
48617
48618
48628
48645
48680
48681
48688
48690
48762
48769
48775
48802
48868
48874
48900
48929
48935
48966
48994
49016
49052
49059
49093
49170
49216
49270
49300
49312
49414
49442
49444
49472
49489
49509
49526
49531
49618
49632
49643
49660
49668
49669
49672
49678
49682
49698
49707
49709
49724
49734
49751
49758
49787
49818
49830
49834
49841
49844
49877
49883
49894
49895
49898
49908
49910
49922
49923
49960
49962
50037
50044
50046
50064
50079
50086
50088
50124
50134
50170
50184
50231
50236
50302
50308
50311
50334
50364
50369
50399
50410
50434
50442
50537
50538
50544
50594
50608
50618
50624
50728
50749
50769
50783
50787
50802
50809
50827
50860
50873
50907
50946
50962
50978
50982
50994
51000
51004
51008
51027
51041
51058
51100
51106
51131
51136
51143
51172
51174
51209
51234
51250
51279
51291
51343
51492
51504
51526
51546
51562
51576
51600
51615
51696
51698
51740
51757
51769
51770
51792
51819
51852
51861
51862
51884
51897
51903
51904
51910
51924
51941
51942
51954
51958
51968
52021
52050
52074
52100
52122
52163
52201
52204
52232
52237
52303
52314
52319
52343
52406
52452
52505
52539
52582
52588
52646
52650
52655
52671
52717
52719
52722
52729
52747
52756
52769
52785
52790
52805
52869
52873
52878
52891
52892
52928
52948
52971
52974
52983
52987
53046
53096
53115
53117
53120
53133
53165
53186
53271
53300
53373
53390
53432
53470
53484
53491
53565
53578
53647
53682
53693
53700
53708
53723
53724
53732
53753
53762
53768
53782
53858
53859
53874
53906
53910
53913
53933
53992
54009
54028
54030
54035
54050
54069
54085
54172
54278
54316
54321
54372
54381
54394
54413
54420
54485
54498
54508
54551
54553
54648
54654
54656
54659
54689
54712
54714
54719
54727
54736
54780
54791
54797
54815
54834
54849
54888
54894
54899
54909
54910
54932
54975
54977
54992
55054
55113
55158
55190
55196
55243
55258
55264
55270
55294
55297
55311
55375
55386
55418
55442
55528
55531
55555
55573
55584
55607
55618
55619
55620
55659
55660
55696
55747
55813
55840
55851
55968
55970
56004
56006
56021
56034
56036
56043
56050
56084
56088
56097
56162
56190
56218
56286
56313
56324
56335
56346
56366
56380
56439
56468
56489
56546
56564
56570
56628
56645
56655
56667
56702
56724
56731
56742
56773
56850
56939
56950
56995
56998
56999
57099
57104
57108
57119
57124
57131
57133
57156
57176
57177
57216
57232
57305
57312
57335
57350
57364
57369
57402
57406
57407
57426
57469
57474
57477
57498
57502
57540
57564
57598
57617
57632
57667
57680
57695
57700
57720
57731
57741
57764
57774
57792
57806
57810
57821
57837
57857
57888
57942
57956
57962
57972
57985
57988
58006
58010
58026
58031
58044
58069
58072
58075
58116
58158
58296
58311
58320
58351
58367
58387
58391
58399
58401
58406
58413
58434
58437
58445
58446
58484
58487
58529
58543
58553
58577
58615
58617
58619
58636
58646
58654
58694
58697
58734
58753
58761
58777
58797
58817
58855
58914
58916
58982
58989
59046
59056
59072
59087
59139
59144
59168
59213
59253
59254
59269
59278
59287
59302
59322
59325
59326
59339
59344
59351
59355
59365
59368
59369
59377
59380
59382
59383
59388
59391
59393
59398
59414
59418
59424
59425
59428
59436
59437
59447
59448
59460
59466
59476
59496
59526
59563
59574
59590
59626
59627
59632
59641
59650
59652
59659
59662
59681
59708
59718
59755
59759
59763
59766
59788
59792
59799
59804
59822
59823
59839
59845
59861
59870
59875
59882
59887
59891
59905
59908
59910
59923
59937
59941
59942
59944
59975
59977
59986
59988
59989
59990
59991
59992
59994
59996
59998
59999
